%YAML:1.0
---
K: !!opencv-matrix
   rows: 3
   cols: 3
   dt: d
   data: [ 5.3808082266964550e+02, 0., 3.2611021492385339e+02, 0.,
       5.3762179406528412e+02, 2.4790215939588757e+02, 0., 0., 1. ]
D: !!opencv-matrix
   rows: 1
   cols: 5
   dt: d
   data: [ -3.0287787301886659e-01, 2.0979255310821071e-01,
       -1.0144644242126953e-04, 9.8975754466238850e-04,
       -1.9109932231741178e-01 ]
